3 31 40 46 49 5
3 31 40 46 49
3 31 40 46 49 13 
3 30 40 46 49 22 23 24
3 30 33
3 30 40 46 49 22 23 24 1 2 3 
-5
1
-1
3
1 2
4 100
123 32 
241 43
49 485
34 5 543
3 31 40 46 49 5
3 31 40 46 49
3 31 40 46 49 13 
3 30 40 46 49 22 23 24
3 30 33
3 30 40 46 49 22 23 24 1 2 3 
-5
1
-1
3
1 2
4 100
123 32 
241 43
49 485
34 5 543
3 31 40 46 49 5
3 31 40 46 49
3 31 40 46 49 13 
3 30 40 46 49 22 23 24
3 30 33
3 30 40 46 49 22 23 24 1 2 3 
-5
1
-1
3
1 2
4 100
123 32 
241 43
49 485
34 5 543
3 31 40 46 49 5
3 31 40 46 49
3 31 40 46 49 13 
3 30 40 46 49 22 23 24
3 30 33
3 30 40 46 49 22 23 24 1 2 3 
-5
1
-1
3
1 2
4 100
123 32 
241 43
49 485
34 5 543
3 31 40 46 49 5
3 31 40 46 49
3 31 40 46 49 13 
3 30 40 46 49 22 23 24
3 30 33
3 30 40 46 49 22 23 24 1 2 3 
-5
1
-1
3
1 2
4 100
123 32 
241 43
49 485
34 5 543
3 31 40 46 49 5
3 31 40 46 49
3 31 40 46 49 13 
3 30 40 46 49 22 23 24
3 30 33
3 30 40 46 49 22 23 24 1 2 3 
-5
1
-1
3
1 2
4 100
123 32 
241 43
49 485
34 5 543
